0
5.621000193059444
-3.843999933451414
3.4789997152984142
-2.865999937057495
-1.445000059902668
1.0330001823604107
-2.2249999456107616
0.3519998863339424
-0.4420001059770584
-0.11799996718764305
-0.5290000699460506
1.6789999790489674
-1.4619999565184116
1.905000302940607
-0.6330003961920738
-0.6309999153017998
-0.11399993672966957
0.44000009074807167
0.7919999770820141
0.8640000596642494
4.0699997916817665
2.770000137388706
-1.2480001896619797
-7.447999902069569
1.550000160932541
-0.5860002711415291
0.7730000652372837
-1.5659998171031475
-1.3620001263916492
1.2040003202855587
-3.490000031888485
3.7819999270141125
-0.4000002518296242
-1.058999914675951
1.7240000888705254
-0.1610000617802143
-0.5270000547170639
-1.999999862164259
2.746999729424715
-0.1550000160932541
2.2550001740455627
-4.398999735713005
4.311999771744013
-3.783999942243099
1.3080001808702946
1.3479995541274548
-0.8909995667636395
-1.5940000303089619
1.6889995895326138
0.261000357568264
0.1459997147321701
0.13100029900670052
0.5409996956586838
0.260000117123127
-3.80899989977479
7.0859999395906925
-2.2479998879134655
-3.866999875754118
3.6849998869001865
-4.304999951273203
8.744999766349792
-7.487999740988016
-1.104000024497509
-0.3560003824532032
2.698000054806471
-3.548000007867813
5.267000291496515
-1.7770002596080303
8.900000248104334
4.470000043511391
-15.46700019389391
-14.1309997998178
21.34400000795722
-6.473999936133623
1.339999958872795
0.25899987667798996
0.8179997093975544
-1.666999887675047
-0.5449997261166573
-0.7760003209114075
-0.88900001719594
-0.41399989277124405
3.4699998795986176
-1.4849998988211155
-0.1409999094903469
2.1620001643896103
11.520999949425459
-13.7020000256598
0.1459997147321701
-0.30299974605441093
-2.185000106692314
2.9219998978078365
0.005000270903110504
-0.9550000540912151
0.4869997501373291
-3.82799981161952
3.124999813735485
1.563000027090311
0.934000127017498
-0.9829998016357422
1.5479996800422668
-0.8139996789395809
-1.9340002909302711
1.4390000142157078
0.9679999202489853
0.01200009137392044
-1.2539997696876526
0.4469999112188816
-1.7320001497864723
2.4250000715255737
-1.1660000309348106
-0.7070000283420086
0.21400023251771927
1.4819996431469917
-1.5399996191263199
0.4469999112188816
-0.5709999240934849
-1.579000148922205
0.13899989426136017
2.7220002375543118
-1.5450003556907177
0.2360004000365734
0.9439997375011444
-1.3520000502467155
-0.2909996546804905
0.5279998295009136
0.16199983656406403
-0.3370000049471855
0.171000137925148
3.8350000977516174
-1.653000246733427
-11.765999719500542
-0.88900001719594
3.3019999973475933
7.565000094473362
-0.8810004219412804
1.0780002921819687
-0.0200001522898674
-0.19299983978271484
0.39499998092651367
0.17799995839595795
2.0920000970363617
-1.006999984383583
-2.1000001579523087
0.6860001012682915
-0.1349998638033867
0.5369996652007103
-2.6169996708631516
3.643999807536602
-1.1620000004768372
0.0700000673532486
-2.9080002568662167
3.6150002852082253
0.07099984213709831
0.46300003305077553
-2.795000094920397
1.6459999606013298
0.6760000251233578
0.5020000971853733
0.2009999006986618
-1.02899968624115
1.7079999670386314
-1.328000333160162
-0.12699980288743973
0.5359998904168606
0.10900013148784637
1.1840001679956913
-0.9660003706812859
-0.5659996531903744
2.318999730050564
-1.0239998809993267
-0.63699996098876
0.06600003689527512
-0.3460003063082695
-0.31999964267015457
1.1629997752606869
-0.44400012120604515
1.1620000004768372
-1.7909999005496502
-0.2009999006986618
0.6399997510015965
1.2250002473592758
-1.097000204026699
1.3300003483891487
-0.20800018683075905
-0.28399983420968056
-1.364000141620636
-0.23500015959143639
1.105000264942646
-0.6110002286732197
-0.07999967783689499
0.30999956652522087
-0.6599999032914639
0.557000283151865
0.7889997214078903
-0.9679999202489853
0.5789999850094318
-0.053999945521354675
0.07800012826919556
1.0389997623860836
-2.113000024110079
2.6140003465116024
-3.275000024586916
1.9819997251033783
0.1460001803934574
0.1960000954568386
0.6389999762177467
-1.1620000004768372
-1.4030002057552338
0.8319998160004616
-0.753999687731266
0.041999854147434235
0.2660001628100872
